1 1 16322.712116 47665.674237 35693.265467
1 2 -16322.712116 12334.325763 -5030.568520
2 2 12334.325763 16322.712116 5030.568520
2 4 -12334.325763 28677.287884 -23562.432171
3 3 68239.683809 2099.600183 6845.992619
3 4 -68239.683809 -2099.600183 1552.408114
4 4 10234.725580 39562.395925 22010.024057
4 5 -10234.725580 -39562.395925 37333.569831
5 5 10234.725580 -40437.604075 -37333.569831
5 7 -10234.725580 40437.604075 -23322.836281
6 6 40437.604075 10234.725580 17616.066040
6 7 -40437.604075 -10234.725580 23322.836281
