664
       1     0.00000000000      -15.0000000000          
       2     10.0000000000      -15.0000000000          
       3     1.52042318047      -15.0000000000          
       4     2.60071637775      -15.0000000000          
       5     3.71256083108      -15.0000000000          
       6     4.95800956290      -15.0000000000          
       7     6.30928760455      -15.0000000000          
       8     7.72057482210      -15.0000000000          
       9     8.70453086970      -15.0000000000          
      10     10.0000000000       0.00000000000          
      11     10.0000000000      -13.2548602403          
      12     10.0000000000      -11.6154499202          
      13     10.0000000000      -9.96699640027          
      14     10.0000000000      -8.32766052300          
      15     10.0000000000      -6.74578615995          
      16     10.0000000000      -5.25840537880          
      17     10.0000000000      -3.88011617487          
      18     10.0000000000      -2.58220171540          
      19     10.0000000000      -1.37146573035          
      20     1.00000000000       0.00000000000          
      21     8.88682772962       0.00000000000          
      22     8.38323124890       0.00000000000          
      23     7.93153917127       0.00000000000          
      24     7.33035153733       0.00000000000          
      25     6.69873103149       0.00000000000          
      26     6.07890553970       0.00000000000          
      27     5.75731864088       0.00000000000          
      28     5.51192810946       0.00000000000          
      29     5.25418305136       0.00000000000          
      30     4.89855173599       0.00000000000          
      31     4.61377167273       0.00000000000          
      32     4.48936059203       0.00000000000          
      33     4.36855510214       0.00000000000          
      34     4.17904142865       0.00000000000          
      35     3.97356475376       0.00000000000          
      36     3.76725753537       0.00000000000          
      37     3.56603075576       0.00000000000          
      38     3.37210753154       0.00000000000          
      39     3.18376347296       0.00000000000          
      40    0.875000000000       0.00000000000          
      41    0.750000000000       0.00000000000          
      42    0.625000000000       0.00000000000          
      43    0.500000000000       0.00000000000          
      44    0.375000000000       0.00000000000          
      45    0.250000000000       0.00000000000          
      46    0.125000000000       0.00000000000          
      47     0.00000000000       0.00000000000          
      48     0.00000000000     -0.746250000000E-01      
      49     0.00000000000     -0.149250000000          
      50     0.00000000000     -0.223875000000          
      51     0.00000000000     -0.298509319662          
      52     0.00000000000     -0.375225000000          
      53     0.00000000000     -0.448078533653          
      54     0.00000000000     -0.526125000000          
      55     0.00000000000     -0.628951816457          
      56     0.00000000000     -0.769993899268          
      57     0.00000000000     -0.943244076534          
      58     0.00000000000      -1.14079205399          
      59     0.00000000000      -1.36190049693          
      60     0.00000000000      -1.57132500000          
      61     0.00000000000      -1.78079964247          
      62     0.00000000000      -1.99934418268          
      63     0.00000000000      -2.22587005191          
      64     0.00000000000      -2.46179128046          
      65     0.00000000000      -2.70526308349          
      66     0.00000000000      -2.96412362076          
      67    0.218407716273     -0.155042642018          
      68    0.499139254736     -0.127020779099          
      69    0.697163713482     -0.114527351249          
      70    0.845308041179     -0.168201591916          
      71     1.04706229528     -0.208358621264          
      72    0.252709896714     -0.432949940657          
      73     1.08921472203     -0.453868598090          
      74     1.30941070735     -0.231025356173          
      75    0.815504387707     -0.374826082569          
      76     1.60743920896     -0.237890351349          
      77     1.92441369129     -0.214397176956          
      78    0.413881401854     -0.295403934077          
      79    0.526892214051     -0.465758070438          
      80    0.629092172343     -0.261868297192          
      81     1.17271293921     -0.741636901350          
      82     1.41082769424     -0.490724175328          
      83    0.332909164494     -0.718021667786          
      84     1.75783408363     -0.501025936248          
      85    0.767044952846     -0.691243799690          
      86     1.51847807614     -0.789696723792          
      87     2.49370336645     -0.350277386796          
      88     2.13529153712     -0.440191280981          
      89    0.954226792561      -1.03780687025          
      90     2.82659736403     -0.326395510617          
      91     1.94715799444     -0.878223380288          
      92    0.468779599526      -1.10413273013          
      93     1.28202365307     -0.998772138006          
      94     2.67843359556     -0.601656751586          
      95     3.17709861990     -0.337735559718          
      96     2.39033491729     -0.729841755075          
      97    0.807169940236      -1.40758953975          
      98     1.20253345983      -1.30380315334          
      99     1.56347002526      -1.14970893130          
     100     3.55928761162     -0.348719183769          
     101     3.97741990926     -0.347730714005          
     102     2.97732839400     -0.656794554981          
     103     2.36884556467      -1.16537997622          
     104     2.73175426935     -0.930072242469          
     105    0.401441061371      -1.56131523750          
     106     1.09088852435      -1.68927328015          
     107     3.34202360584     -0.693476403619          
     108     3.14003360203      -1.03265289301          
     109     4.42414220153     -0.304645860233          
     110     3.74467719300     -0.712764480472          
     111    0.717244495342      -1.74586181687          
     112    0.878682715892      -2.13943189035          
     113     1.52060372488      -1.56175029182          
     114     1.95060714970      -1.37491737893          
     115     3.50947367317      -1.00984212820          
     116    0.404436384914      -1.97927989794          
     117     3.44585870612      -1.45195001693          
     118     4.20808790716     -0.719482362530          
     119     3.91145513851      -1.12304927748          
     120     1.42031131224      -2.01546965187          
     121     1.91810915003      -1.84943966220          
     122     2.40569816671      -1.63774659005          
     123    0.428829431989      -2.43423501151          
     124     2.85062229724      -1.38019123702          
     125     4.73960512463     -0.648926023836          
     126     1.28059664326      -2.51057914130          
     127     1.83255012718      -2.35573721410          
     128     2.95612996764      -1.87857935959          
     129     5.29500279988     -0.556105452131          
     130     4.45863249998      -1.16065150675          
     131    0.821386524616      -2.61283483442          
     132     1.68790475076      -2.88134928839          
     133     2.40063426752      -2.15929719259          
     134    0.477638372769      -2.93283031274          
     135     5.92854702110     -0.523995515932          
     136     5.05862166984      -1.14392204445          
     137     1.08199400911      -3.07425240065          
     138    0.562751583409      -3.50057250883          
     139     6.43923165962     -0.491334801530          
     140     3.59637646694      -2.06689143316          
     141     4.07642254076      -1.62359607573          
     142     1.59266152102      -3.35592010023          
     143     2.30137020824      -2.71879767121          
     144     5.66447784756      -1.33706199292          
     145     4.73535943743      -1.69671919351          
     146     6.18852952471      -1.04268740876          
     147     7.01887090044     -0.482023983951          
     148     3.01097794406      -2.53997445318          
     149     2.14536607523      -3.26718265578          
     150    0.644431304189      -4.15175245343          
     151     4.28299959407      -2.22201673213          
     152     5.45425933767      -1.88879868730          
     153     7.65571499918     -0.495243658991          
     154     8.35839280536     -0.453182671476          
     155     1.88769208832      -3.81680207107          
     156     6.74215267682     -0.894621091211          
     157     3.75927834040      -2.68295293334          
     158     2.70323249502      -3.09286482011          
     159     1.19681462146      -3.72404980849          
     160     5.13204560000      -2.50674658387          
     161    0.683909284920      -4.86864023665          
     162     7.27909580629      -1.00473707007          
     163     6.78616586732      -1.45206214678          
     164     3.31277766099      -3.17805622214          
     165     2.73455361902      -3.73503406938          
     166     1.43214404925      -4.44903919182          
     167     8.01603977438      -1.03151822845          
     168     2.30503283412      -4.39167554781          
     169     4.56162276574      -2.90582931323          
     170     3.98258973676      -3.27137060554          
     171    0.685707304423      -5.61374343369          
     172     1.37130445232      -5.25310947624          
     173     7.54779684108      -1.62077893170          
     174     3.80583939512      -3.87675018832          
     175     4.49979600801      -3.68001788677          
     176    0.696987053169      -6.48705861171          
     177     6.16272581224      -1.75276888467          
     178     5.98265601443      -2.62117226405          
     179     6.90197731483      -2.17931408792          
     180     8.98144762730     -0.940362628155          
     181     3.32762688059      -4.44670364551          
     182     5.24120307486      -3.25286240517          
     183     1.68618314232      -5.94371937688          
     184     1.94868586241      -4.95710170912          
     185     2.79273500039      -5.04616936609          
     186     4.24656573905      -4.56735124456          
     187     2.23559304343      -5.55611489292          
     188     1.43737760678      -6.70756536636          
     189    0.753556377089      -7.25607328346          
     190     8.32406765029      -1.61609035403          
     191     2.27272832926      -6.36565288830          
     192     1.56074577045      -7.72683375620          
     193     7.98094916338      -2.44182102797          
     194     9.04401736017      -2.02374018039          
     195     2.96308059528      -5.82057078909          
     196     2.32732248812      -7.25936854123          
     197    0.826227832136      -8.15491266524          
     198     3.56552276624      -5.21898238115          
     199     1.60016555459      -8.50779950627          
     200     2.36841640209      -8.25687714327          
     201     8.97763972004      -3.19049962646          
     202     3.10113047182      -6.66293474838          
     203     3.23249637043      -7.62296716781          
     204     1.04249982832      -9.07402517102          
     205     4.27510809340      -5.41217123892          
     206     3.78519185255      -6.02223306723          
     207     4.70446129444      -6.08264232844          
     208     5.15839294808      -4.20835048210          
     209     5.00864853659      -5.17852291279          
     210     6.04760684984      -3.71275862794          
     211     5.90451503068      -4.86083638194          
     212     6.95298662114      -3.19289826213          
     213     6.88607742554      -4.40343572682          
     214     7.92062494862      -3.80404219248          
     215     7.80030343945      -5.16818926623          
     216     1.17571587098      -10.1342352005          
     217     2.16811314754      -9.32781120109          
     218     3.31211385131      -8.76209580482          
     219     4.02447229169      -6.88397937112          
     220     5.05925423820      -6.99464970493          
     221     8.91998826415      -4.54300568618          
     222     2.28304650199      -10.6552393671          
     223     3.39483402346      -9.90440621468          
     224     4.26152271755      -7.91254739800          
     225     5.63531027175      -5.97829681093          
     226     8.82136147680      -5.95678147823          
     227     1.15238845271      -11.4031389494          
     228     3.48575751946      -11.2201619739          
     229     4.47316743194      -9.09485450838          
     230     6.22849862643      -6.95593898799          
     231     6.69105415229      -5.68365373102          
     232     2.32069610905      -11.9442281293          
     233     4.62110351661      -10.4025638336          
     234     5.46943940161      -8.11040110076          
     235     7.54470156226      -6.58357483982          
     236     1.12618173190      -12.6743055095          
     237     3.59705255607      -12.6588341127          
     238     5.78329415762      -9.47833415454          
     239     2.16046766335      -13.1710030742          
     240     7.05938603996      -8.24384840362          
     241     8.69234881078      -14.0224542780          
     242     7.14302191893      -13.4821067521          
     243     5.57170201458      -13.7651234298          
     244     4.28338663038      -13.8833045628          
     245     3.07059614442      -13.9884861624          
     246     2.09514830646      -14.2177785644          
     247     4.69930168953      -11.7561803937          
     248     5.89026627768      -10.9614457567          
     249     7.18789155785      -10.0573715319          
     250     8.58306684134      -9.13966964911          
     251     8.60268550109      -12.4619332950          
     252     5.88839829395      -12.4268281436          
     253     4.80836965263      -12.8948492875          
     254     7.21772821033      -11.7012632418          
     255     8.59831657021      -10.8232699210          
     256     8.66808598673      -7.49955350896          
     257     1.12353816629      -13.9294035856          
     258    0.189059377970       0.00000000000          
     259    0.157026646584     -0.614617933445E-01      
     260    0.233879396128     -0.566732602050E-01      
     261    0.300618928791       0.00000000000          
     262    0.310592966029     -0.750451736990E-01      
     263    0.444718253194       0.00000000000          
     264    0.401407559755     -0.670320820100E-01      
     265    0.491777243615     -0.561125213889E-01      
     266    0.562500000000       0.00000000000          
     267    0.571426237448     -0.612320264828E-01      
     268    0.687500000000       0.00000000000          
     269    0.649023236316     -0.597961472262E-01      
     270    0.723581856741     -0.572636756243E-01      
     271    0.812500000000       0.00000000000          
     272    0.790211113601     -0.675253536815E-01      
     273    0.937500000000       0.00000000000          
     274    0.859602802777     -0.830697627446E-01      
     275    0.935718265183     -0.921096054621E-01      
     276    0.359559108900     -0.149904924142          
     277    0.601966849955     -0.124395039608          
     278    0.765678449424     -0.140708343100          
     279    0.935514794144     -0.190565182683          
     280     1.02353114764     -0.104179310632          
     281    0.105064764212     -0.230159897532          
     282    0.115318481427     -0.374255432408          
     283    0.221976989623     -0.296673975036          
     284     1.14180213270     -0.107533783750          
     285     3.00358353510       0.00000000000          
     286     1.17263094499     -0.221131388102          
     287     1.26332031534     -0.112557732381          
     288     1.06636376631     -0.324059866379          
     289     1.20782645295     -0.343252968663          
     290     1.39725777074     -0.115996587557          
     291     2.82649889067       0.00000000000          
     292     1.45507243671     -0.236846382071          
     293     1.53967240284     -0.117086389083          
     294     2.65193111687       0.00000000000          
     295     1.68597899454     -0.115214502132          
     296     1.76417930782     -0.232192990172          
     297     1.83228330972     -0.105254600309          
     298    0.320644059835     -0.237867950771          
     299    0.451674644208     -0.208415880509          
     300    0.332637424201     -0.365831735232          
     301    0.377997486422     -0.461422254213          
     302    0.455697992248     -0.373587895615          
     303    0.515383895190     -0.282607081761          
     304    0.559630930292     -0.198624165575          
     305    0.585032787160     -0.357078390207          
     306    0.662765215190     -0.187581008893          
     307    0.676473557048     -0.434150662725          
     308    0.712650643469     -0.321617841994          
     309     0.00000000000      -3.24109131902          
     310    0.101334992083     -0.553040342000          
     311     1.35798192012     -0.356808848573          
     312     1.51585664286     -0.364140202828          
     313    0.255722338266     -0.553024444929          
     314    0.442506131869     -0.583993138124          
     315     2.47334500000       0.00000000000          
     316     1.97180545938     -0.714657256521E-01      
     317     2.07949488783     -0.139992391052          
     318     2.23931840327       0.00000000000          
     319     1.68043462954     -0.363725767406          
     320     1.85015289422     -0.351738878014          
     321    0.145499425762     -0.677098726111          
     322     0.00000000000      -3.53636298582          
     323    0.182927785828     -0.839422663737          
     324     1.12353433638     -0.595397388640          
     325     1.29463527941     -0.615450921876          
     326     1.24772766298     -0.475557057582          
     327     1.57935063296     -0.501271998506          
     328    0.535720386728     -0.731788875734          
     329    0.623974745227     -0.569598901043          
     330     1.46586700640     -0.634757361789          
     331     1.64528374109     -0.653258547440          
     332     2.05626005258       0.00000000000          
     333     2.39533010500     -0.183378634796          
     334     2.56930290873     -0.171679930630          
     335     1.94278112117     -0.484857094829          
     336     2.02552461957     -0.307485685012          
     337    0.795211228818     -0.510658859547          
     338    0.986855032226     -0.724165936443          
     339    0.853379593519     -0.876183135881          
     340     1.05600642466     -0.878246691808          
     341     2.22077155389     -0.226202934879          
     342     2.32153349253     -0.387736840649          
     343     2.66029736803     -0.330771020584          
     344     2.74121049601     -0.165652541604          
     345     1.97290702317       0.00000000000          
     346     2.91385983550     -0.165046824645          
     347     1.34525549377     -0.759900392237          
     348     1.70847427463     -0.828358377611          
     349     1.84069895041     -0.665097081216          
     350     2.05047496977     -0.643167858644          
     351    0.625909421897     -0.893331088260          
     352    0.737487928371      -1.06616883102          
     353     1.13909577539      -1.01432084417          
     354     1.22999106883     -0.876660077097          
     355     2.58887522090     -0.492526620229          
     356     2.74479237302     -0.478036692419          
     357     2.99811030601     -0.330789822478          
     358     3.09140112563     -0.167321636767          
     359     2.19238127985     -0.803410358559          
     360     2.25379614503     -0.589976227380          
     361    0.396620247637     -0.890397665520          
     362    0.652579136716      -1.26946102112          
     363    0.871173086731      -1.21742180421          
     364     1.07061031219      -1.17646662131          
     365     1.24674874657      -1.13311330672          
     366     1.38932235293     -0.906899265933          
     367     1.40161871199      -1.06502897335          
     368     1.55441652830     -0.962395091110          
     369     0.00000000000      -3.84903896092          
     370    0.231569449926      -1.23429082620          
     371    0.213333226136      -1.02540292310          
     372     1.89102569802       0.00000000000          
     373     3.27470383035     -0.170341248588          
     374     3.36426707355     -0.344025032944          
     375     3.46641016652     -0.172915422654          
     376     1.75628775527       0.00000000000          
     377     3.66467113500     -0.174361125521          
     378     3.76377182630     -0.350874580373          
     379     3.87131848674     -0.173483062185          
     380     1.74513572885      -1.03467827467          
     381     2.81141251041     -0.628403553851          
     382     2.90518663608     -0.487230442551          
     383     3.07850861399     -0.500885648185          
     384     2.16037330404      -1.03330197414          
     385     2.36558204711     -0.941169109771          
     386     2.55497424500     -0.659238071723          
     387     2.54820682361     -0.845902065699          
     388     2.69627346757     -0.746821611689          
     389    0.427811847342      -1.34974118568          
     390    0.603213397943      -1.47199747269          
     391     1.00937385847      -1.35485642620          
     392    0.950091446843      -1.54360915633          
     393     1.15148702204      -1.49221118402          
     394     1.38530070328      -1.23891153038          
     395     3.26112016601     -0.512888041933          
     396     3.45122376208     -0.521463850164          
     397     3.15651219308     -0.679667304309          
     398     3.05105564125     -0.842969948333          
     399     3.23824030593     -0.867834738045          
     400     0.00000000000      -4.17902672670          
     401    0.201380643221      -1.67022015554          
     402    0.210139806114      -1.45808091003          
     403     1.61421848197       0.00000000000          
     404     4.08122576076     -0.167931953210          
     405     4.19792073765     -0.334275074510          
     406     4.28938425424     -0.152003160092          
     407     3.65058385910     -0.528399420356          
     408     3.86570589406     -0.531536748983          
     409     2.86646059621     -0.799881269882          
     410     2.56598733310      -1.05117653722          
     411    0.576595347139      -1.66055832377          
     412    0.757052089797      -1.59131213513          
     413    0.884423790214      -1.72791764338          
     414    0.782751870920      -1.90283430267          
     415     1.00741159777      -1.89807337844          
     416     1.30519549822      -1.63360048445          
     417     1.35206519569      -1.42980649952          
     418     1.54795808179      -1.34920287153          
     419     3.53614299570     -0.700990902208          
     420     1.73538666940      -1.47456264521          
     421     1.74480013350      -1.25036404010          
     422     3.42173548210     -0.858677128301          
     423     3.61954445843     -0.880306273547          
     424     0.00000000000      -4.52172493845          
     425    0.206772790405      -2.10469255751          
     426    0.201447431369      -1.88356246012          
     427     1.47203438760       0.00000000000          
     428     4.48813146264     -0.104634990041          
     429     4.65388433087     -0.206582993642          
     430     1.33996610088       0.00000000000          
     431     2.93162614429     -0.991605296705          
     432     3.34159070987      -1.04589126878          
     433     3.26231819904      -1.22638085137          
     434     3.49129825625      -1.18453090279          
     435     4.08997920893     -0.527110342899          
     436     4.32677391816     -0.506089913622          
     437     3.96780336776     -0.722340955792          
     438     3.83072326747     -0.911672677344          
     439     4.07025733795     -0.930276114939          
     440    0.584503161149      -1.85457645665          
     441    0.618084415676      -2.06217780818          
     442     1.16510443986      -2.08098367530          
     443     1.24295226995      -1.84925318401          
     444     1.47730014780      -1.78315157785          
     445     1.70885087181      -1.70228022680          
     446     1.93995469935      -1.60900640611          
     447     2.16459247732      -1.26954422240          
     448     2.16882364890      -1.50633871654          
     449     2.38929373730      -1.39835494098          
     450     3.67408723143      -1.07761171644          
     451     3.71459115981      -1.29436636236          
     452    0.213840055257      -2.33524110312          
     453    0.419617183413      -2.20217186515          
     454     2.78289943901      -1.13978212211          
     455     3.01770235635      -1.20149845562          
     456     4.46549072760     -0.695790513060          
     457     4.57973198667     -0.450939538442          
     458     1.09074201139      -2.32789832410          
     459     1.35385085399      -2.25908495349          
     460     1.66993444288      -1.93838697062          
     461     1.61718428156      -2.18362053113          
     462     1.88093683527      -2.09769780046          
     463     2.16415260520      -1.74853038429          
     464     3.13869558647      -1.43573822635          
     465     2.91059570199      -1.61917512254          
     466     3.21031770265      -1.69175149562          
     467     0.00000000000      -4.87715086210          
     468    0.220417146149      -2.57420118816          
     469     1.21773232979       0.00000000000          
     470     5.15171286709     -0.281861648579          
     471     5.41378063105     -0.266931184486          
     472     4.17436909952      -1.15008849414          
     473     4.33117564871     -0.932719580403          
     474    0.638277383373      -2.29456742161          
     475     4.60820468171     -0.915452413199          
     476     4.86849561725     -0.343601926258          
     477    0.848407292250      -2.40948832214          
     478     1.02653443921      -2.57134306426          
     479     1.55535265108      -2.43737808573          
     480     1.48073656341      -2.69740549667          
     481     1.76739263870      -2.61787924578          
     482     2.11428061399      -2.26470565868          
     483     2.14691215444      -2.00131415949          
     484    0.232226837301      -2.82464017244          
     485    0.445214634554      -2.67625389838          
     486     5.02045077248     -0.595323658460          
     487     5.58412877401     -0.492876474244          
     488     5.68572818453     -0.270743531962          
     489     4.75595572031      -1.15576455674          
     490     4.89728716212     -0.887143222699          
     491    0.634366416044      -2.52250169414          
     492    0.676242222047      -2.76284763469          
     493    0.924348400299      -2.80123023365          
     494     1.19489911670      -2.77200054235          
     495     0.00000000000      -5.24119086345          
     496    0.250090870335      -3.09232973008          
     497    0.270580470051      -3.37657729266          
     498    0.520608381726      -3.20440804489          
     499     1.11538000000       0.00000000000          
     500     2.63764103807      -1.51989778379          
     501     2.66662517988      -1.76375790379          
     502     3.26729253362      -1.97800242609          
     503     3.52324011558      -1.76514083608          
     504     3.98815875263      -1.35735939044          
     505     4.28144639046      -1.39650988840          
     506     1.39966402711      -2.96534228389          
     507     1.37465607556      -3.24331508700          
     508     1.63161451233      -3.13412651051          
     509     1.99277595373      -2.80238395489          
     510     2.06173939125      -2.53327563829          
     511     2.36771398224      -2.43960430710          
     512     2.40841002623      -1.88891045720          
     513     5.59935621264     -0.846610175746          
     514     4.59093989474      -1.41608651982          
     515     4.91316601564      -1.41624713572          
     516     5.20201878877     -0.859171709189          
     517    0.745660516663      -3.01667476794          
     518     0.00000000000      -5.61648982440          
     519    0.291105696945      -3.68131479383          
     520    0.817709563613      -3.30536494959          
     521     2.98979611942      -2.17477190539          
     522     3.32600852775      -2.29117870360          
     523     3.84661248466      -1.84548078652          
     524     3.76611877598      -1.55632313532          
     525     4.39832665881      -1.67123199968          
     526     1.91879639052      -3.06755856087          
     527     2.21970673366      -2.99531665015          
     528     2.64115786051      -2.63193497991          
     529     2.68710155192      -2.32961470190          
     530     5.35201409834      -1.11964186085          
     531    0.310879886558      -4.00445520802          
     532    0.603270796385      -3.81736397587          
     533     4.17787218202      -1.91467125402          
     534     4.52488441357      -1.97985177453          
     535     5.25848364411      -1.42534736950          
     536     0.00000000000      -6.00058731469          
     537    0.327785586264      -4.34147385651          
     538     1.83878484274      -3.32222113710          
     539     1.70374085624      -3.56474278920          
     540     2.04342506406      -3.54117331072          
     541     2.68438768589      -2.03209967912          
     542     5.05788147625      -1.68118445590          
     543     3.41180485747      -2.61264568512          
     544     3.67556085468      -2.37546598463          
     545     2.45312544195      -3.19596989449          
     546     2.52970150206      -2.90860644475          
     547    0.938200949921      -3.94413990180          
     548    0.873234591735      -3.61840599612          
     549     3.93461205571      -2.14632192182          
     550     4.62786609765      -2.35795944210          
     551     4.92204939376      -2.01854335620          
     552    0.337839269509      -4.69365406651          
     553    0.674503028028      -4.50350692318          
     554     3.17778926845      -2.87484026565          
     555     3.51805630982      -2.91203154730          
     556     4.02383205601      -2.45335087130          
     557     2.39861236925      -3.48072970669          
     558     2.72432823266      -3.35293808303          
     559     2.83865405352      -2.86494456851          
     560     1.01736434555      -4.29645694669          
     561     1.29823165243      -4.05283463469          
     562     1.41946276631      -3.51649446383          
     563     1.53084759687      -3.79645636643          
     564     0.00000000000      -6.31074439322          
     565    0.341182962841      -5.05631408221          
     566     2.27908525506      -3.79416606872          
     567     2.09105243274      -4.09984502569          
     568     2.51436691018      -4.09303540415          
     569     4.31696458487      -2.54610472380          
     570     1.03629252517      -4.67319452133          
     571     2.96906525105      -3.14144644747          
     572     3.62259694377      -3.16762033259          
     573     3.79398416971      -2.96548471256          
     574     4.08570148909      -2.79415684192          
     575     3.08014739935      -3.46203654811          
     576     1.67914359645      -4.10381443130          
     577    0.340017408573      -5.42476932163          
     578    0.685014905599      -5.23596345982          
     579     1.02869324916      -5.05101315135          
     580     1.38204078930      -4.87385098669          
     581     3.50557684156      -3.51115857540          
     582     0.00000000000      -6.75215368718          
     583    0.322494926531      -5.81213770146          
     584    0.291960398913      -6.23476280071          
     585    0.616784776130      -5.98658861167          
     586     1.87443796948      -4.40526220660          
     587     2.73889214905      -4.45558101848          
     588     2.91491858658      -4.10773016499          
     589     1.03708808313      -5.45396350580          
     590     1.07647671246      -5.97013678879          
     591     1.37533187483      -5.59981472491          
     592     1.68748943816      -5.08352983653          
     593     1.74054604755      -4.73776572737          
     594     3.22891452769      -3.85436115500          
     595     2.43659328270      -4.72718828385          
     596     1.71911881465      -5.45708271177          
     597     1.96707037047      -5.22153392647          
     598     2.09739275947      -4.70701870277          
     599     0.00000000000      -7.70347500000          
     600     2.24714032398      -5.03622490422          
     601    0.394811947509      -1.76798313776          
     602     2.43276067361     -0.535509270374          
     603    0.937379780010E-01   0.00000000000          
     604    0.896775844227E-01 -0.100627513247          
     605     0.00000000000      -8.65497285703          
     606     2.59968619190      -1.27966999298          
     607     1.95153888944      -1.13996355770          
     608    0.831196377245     -0.263216037310          
     609    0.740693732503     -0.223412822348          
     610    0.938542811553     -0.297184838522          
     611    0.940667018739     -0.421620158230          
     612    0.949457059786     -0.566074121758          
     613     1.12308201114      -3.41449160560          
     614    0.215719659078     -0.295715187990E-01      
     615    0.166726548254     -0.315133765154E-01      
     616    0.227502239283     -0.914462778215E-01      
     617    0.195730208544     -0.620725827287E-01      
     618    0.176969284023     -0.973314185615E-01      
     619    0.296806537711     -0.421477344383E-01      
     620    0.337211826948     -0.389991204279E-01      
     621    0.260675113354     -0.327269745947E-01      
     622    0.273763038736     -0.109345715814          
     623    0.267026158415     -0.679693341256E-01      
     624    0.377348480601     -0.432922146914E-01      
     625    0.411222276354     -0.350569836862E-01      
     626    0.439138074206     -0.516335263347E-01      
     627    0.439407961492     -0.922972426515E-01      
     628    0.384585169386     -0.106060275423          
     629    0.419699752935     -0.144752670294          
     630    0.356743396491     -0.738522492732E-01      
     631    0.298072614528     -0.155199734282          
     632    0.329791773327     -0.111572552680          
     633    0.156922881569     -0.196451330805          
     634    0.163355082087     -0.264974507678          
     635    0.217647887249     -0.230880667901          
     636    0.566802808070E-01 -0.337434751967          
     637    0.110299888879     -0.300809585637          
     638    0.538863376879E-01 -0.263633130461          
     639    0.229963926909     -0.367705163011          
     640    0.168848342634     -0.333698315637          
     641    0.175062866677     -0.392307648788          
     642    0.388979297525     -0.186274226960          
     643    0.276964631181     -0.209258176015          
     644    0.336989881347     -0.195385487887          
     645    0.382302589991     -0.232700331197          
     646    0.333694761119     -0.285512781225          
     647    0.274437689812     -0.264363504694          
     648    0.278265401023     -0.316909231377          
     649    0.146318884896     -0.456747282063          
     650     0.00000000000      -9.67392246889          
     651    0.629050801275E-01 -0.412044143872          
     652    0.611785389767E-01 -0.479609021786          
     653     0.00000000000      -10.8761831182          
     654    0.128687264829     -0.792308772557E-01      
     655    0.141982579137     -0.132919830951          
     656    0.121407016779     -0.365458624595E-01      
     657    0.460326276017E-01 -0.574946753855E-01      
     658    0.857384491263E-01 -0.464849356365E-01      
     659    0.552463649517E-01   0.00000000000          
     660    0.969523006889E-01 -0.163042933431          
     661     0.00000000000      -12.0906059167          
     662    0.473226008238E-01 -0.122675058338          
     663    0.509053797324E-01 -0.191558115630          
     664     0.00000000000      -13.5074534017          
1220
       1      208   186   209   1  
       2      208   175   186   1  
       3      209   225   211   1  
       4      209   207   225   1  
       5      230   231   225   1  
       6      230   235   231   1  
       7      613   562   507   1  
       8      520   548   613   1  
       9      215   235   226   1  
      10      215   231   235   1  
      11      207   219   220   1  
      12      207   206   219   1  
      13      612   338   324   1  
      14      611   337   612   1  
      15      195   206   198   1  
      16      195   202   206   1  
      17      610   611   288   1  
      18      279   608   610   1  
      19      609   278   306   1  
      20      308   608   609   1  
      21      607   447   384   1  
      22      380   421   607   1  
      23      606   454   410   1  
      24      449   500   606   1  
      25      181   198   186   1  
      26      181   185   198   1  
      27      193   194   190   1  
      28      193   201   194   1  
      29      186   205   209   1  
      30      178   212   179   1  
      31      178   210   212   1  
      32      204   217   199   1  
      33      204   216   217   1  
      34      239   257   246   1  
      35      239   236   257   1  
      36      242   254   252   1  
      37      242   251   254   1  
      38      662   663   660   1  
      39      656   658   654   1  
      40      180    10    21   1  
      41      180    19    10   1  
      42      241     2    11   1  
      43      241     9     2   1  
      44      602   386   355   1  
      45      342   360   602   1  
      46      601   440   411   1  
      47      401   426   601   1  
      48      144   177   146   1  
      49      144   152   177   1  
      50      178   182   210   1  
      51      600   595   598   1  
      52      597   600   184   1  
      53      213   231   215   1  
      54      213   211   231   1  
      55      257   236   664   1  
      56      240   256   235   1  
      57      240   250   256   1  
      58      246   257     3   1  
      59      257     1     3   1  
      60      664     1   257   1  
      61       12   255   251   1  
      62       11    12   251   1  
      63       12    13   255   1  
      64      256   226   235   1  
      65       13    14   250   1  
      66       14   256   250   1  
      67      256    15   226   1  
      68      250   255    13   1  
      69      249   254   255   1  
      70      254   248   252   1  
      71      251   241    11   1  
      72       17   201   221   1  
      73       14    15   256   1  
      74       15    16   226   1  
      75      661   664   236   1  
      76      254   251   255   1  
      77      253   247   237   1  
      78      253   252   247   1  
      79      244   253   237   1  
      80      243   252   253   1  
      81      250   249   255   1  
      82      249   248   254   1  
      83      248   247   252   1  
      84      245   244   237   1  
      85      244   243   253   1  
      86      243   242   252   1  
      87      242   241   251   1  
      88      240   249   250   1  
      89      238   248   249   1  
      90      233   247   248   1  
      91        4   245   246   1  
      92        5   244   245   1  
      93        6   243   244   1  
      94        7   242   243   1  
      95        8   241   242   1  
      96      240   238   249   1  
      97      238   233   248   1  
      98      228   237   247   1  
      99      245   239   246   1  
     100      237   239   245   1  
     101      237   232   239   1  
     102      235   230   240   1  
     103      230   234   240   1  
     104      233   228   247   1  
     105      225   231   211   1  
     106        3     4   246   1  
     107        4     5   245   1  
     108        5     6   244   1  
     109        6     7   243   1  
     110        7     8   242   1  
     111        8     9   241   1  
     112       16    17   221   1  
     113      653   661   227   1  
     114      234   238   240   1  
     115      232   236   239   1  
     116      236   227   661   1  
     117      224   234   220   1  
     118      234   229   238   1  
     119      229   233   238   1  
     120      228   232   237   1  
     121      232   227   236   1  
     122      230   220   234   1  
     123      224   229   234   1  
     124      229   223   233   1  
     125      223   228   233   1  
     126      228   222   232   1  
     127      222   227   232   1  
     128      227   216   653   1  
     129      221   226    16   1  
     130      225   220   230   1  
     131      224   218   229   1  
     132      218   223   229   1  
     133      223   222   228   1  
     134      217   222   223   1  
     135      222   216   227   1  
     136      214   221   201   1  
     137      221   215   226   1  
     138       18   201    17   1  
     139      650   653   216   1  
     140      219   224   220   1  
     141      207   220   225   1  
     142      202   219   206   1  
     143      219   203   224   1  
     144      203   218   224   1  
     145      218   217   223   1  
     146      200   217   218   1  
     147      217   216   222   1  
     148      214   215   221   1  
     149      204   650   216   1  
     150      202   203   219   1  
     151      201   193   214   1  
     152      203   200   218   1  
     153      196   200   203   1  
     154      200   199   217   1  
     155      192   199   200   1  
     156      199   197   204   1  
     157      214   213   215   1  
     158      212   213   214   1  
     159      213   210   211   1  
     160      193   212   214   1  
     161      179   212   193   1  
     162      212   210   213   1  
     163      210   208   211   1  
     164      208   209   211   1  
     165      209   205   207   1  
     166      182   208   210   1  
     167      182   175   208   1  
     168      605   650   204   1  
     169      205   206   207   1  
     170      205   198   206   1  
     171      194    18    19   1  
     172      194   201    18   1  
     173      186   198   205   1  
     174      197   605   204   1  
     175      202   196   203   1  
     176      191   196   202   1  
     177      185   195   198   1  
     178      187   195   185   1  
     179      195   191   202   1  
     180      180   194    19   1  
     181      193   173   179   1  
     182      196   192   200   1  
     183      188   192   196   1  
     184      192   197   199   1  
     185      192   189   197   1  
     186      599   605   197   1  
     187      189   599   197   1  
     188      191   188   196   1  
     189      187   191   195   1  
     190      180   190   194   1  
     191      190   173   193   1  
     192      189   582   599   1  
     193      183   188   191   1  
     194      188   189   192   1  
     195      188   176   189   1  
     196      187   183   191   1  
     197      174   186   175   1  
     198      154   180    21   1  
     199      180   167   190   1  
     200      167   173   190   1  
     201      176   582   189   1  
     202      564   584   536   1  
     203      188   590   176   1  
     204      593   598   586   1  
     205      592   596   597   1  
     206      591   596   172   1  
     207      585   590   171   1  
     208      174   181   186   1  
     209      588   594   165   1  
     210      595   587   168   1  
     211      177   178   179   1  
     212      178   160   182   1  
     213      178   152   160   1  
     214      169   175   182   1  
     215      170   174   175   1  
     216      581   575   594   1  
     217      580   592   593   1  
     218      589   590   591   1  
     219      578   589   579   1  
     220      160   169   182   1  
     221      568   587   588   1  
     222      567   576   586   1  
     223      154   167   180   1  
     224      173   163   179   1  
     225      162   163   173   1  
     226      163   177   179   1  
     227      146   177   163   1  
     228      177   152   178   1  
     229      583   584   585   1  
     230      518   583   577   1  
     231      169   170   175   1  
     232      573   574   157   1  
     233      581   572   164   1  
     234      167   162   173   1  
     235      570   579   580   1  
     236      565   577   578   1  
     237      561   576   563   1  
     238      558   575   571   1  
     239      556   574   569   1  
     240      555   572   573   1  
     241      554   559   571   1  
     242      153   162   167   1  
     243      553   570   560   1  
     244      551   542   145   1  
     245      569   550   151   1  
     246      156   146   163   1  
     247      566   567   568   1  
     248      540   566   557   1  
     249      154   153   167   1  
     250       22   154    21   1  
     251       22    23   154   1  
     252      467   565   552   1  
     253      562   563   539   1  
     254      547   560   561   1  
     255      546   559   528   1  
     256      545   557   558   1  
     257      544   556   549   1  
     258      543   554   555   1  
     259      162   156   163   1  
     260      147   156   162   1  
     261      153   147   162   1  
     262      537   552   553   1  
     263      534   550   551   1  
     264      533   523   549   1  
     265      532   547   548   1  
     266      527   545   546   1  
     267      522   543   544   1  
     268      521   541   529   1  
     269      147   139   156   1  
     270      139   146   156   1  
     271      515   542   535   1  
     272      512   541   501   1  
     273      538   539   540   1  
     274      508   538   526   1  
     275       23   153   154   1  
     276       23    24   153   1  
     277       24   147   153   1  
     278       24    25   147   1  
     279      400   537   531   1  
     280      535   530   136   1  
     281      525   533   534   1  
     282      519   531   532   1  
     283      146   513   144   1  
     284      513   516   530   1  
     285      511   528   529   1  
     286      509   526   527   1  
     287      505   525   514   1  
     288      504   451   524   1  
     289      503   523   524   1  
     290      502   521   522   1  
     291       25   139   147   1  
     292      139   135   146   1  
     293      498   520   517   1  
     294      497   322   519   1  
     295      492   517   493   1  
     296      490   516   486   1  
     297      489   514   515   1  
     298      513   487   129   1  
     299      483   512   463   1  
     300      482   510   511   1  
     301      481   509   510   1  
     302      506   507   508   1  
     303      480   494   506   1  
     304      472   504   505   1  
     305      466   502   503   1  
     306      500   501   465   1  
     307       25    26   139   1  
     308       26   135   139   1  
     309      488    27    28   1  
     310      496   497   498   1  
     311      484    66   496   1  
     312      478   493   494   1  
     313      491   485   492   1  
     314      477   474   491   1  
     315      475   489   490   1  
     316      471   487   488   1  
     317      470   476   486   1  
     318      468   484   485   1  
     319      462   482   483   1  
     320      479   480   481   1  
     321      459   479   461   1  
     322      458   477   478   1  
     323      457   476   429   1  
     324      456   473   475   1  
     325      453   474   441   1  
     326      439   472   473   1  
     327       29   470   471   1  
     328       64   468   452   1  
     329      464   465   466   1  
     330      455   464   433   1  
     331      446   463   448   1  
     332      460   461   462   1  
     333      444   460   445   1  
     334      442   458   459   1  
     335      436   456   457   1  
     336      431   454   455   1  
     337      425   452   453   1  
     338      450   434   451   1  
     339      423   450   438   1  
     340      447   448   449   1  
     341      420   445   446   1  
     342      416   443   444   1  
     343      415   442   443   1  
     344      414   440   441   1  
     345      437   438   439   1  
     346      408   437   435   1  
     347      405   435   436   1  
     348      432   433   434   1  
     349      399   432   422   1  
     350      398   409   431   1  
     351      428   429    31   1  
     352       33   406   428   1  
     353       62   425   426   1  
     354      419   422   423   1  
     355      418   420   421   1  
     356      396   419   407   1  
     357      394   417   418   1  
     358      393   416   417   1  
     359      413   414   415   1  
     360      392   412   413   1  
     361      390   411   412   1  
     362      389   370   402   1  
     363      385   410   387   1  
     364      381   388   409   1  
     365      378   407   408   1  
     366      404   405   406   1  
     367       35   379   404   1  
     368       60   401   402   1  
     369      397   398   399   1  
     370      383   397   395   1  
     371      374   395   396   1  
     372      365   394   367   1  
     373      391   392   393   1  
     374      363   391   364   1  
     375      362   389   390   1  
     376      386   387   388   1  
     377      359   384   385   1  
     378      357   382   383   1  
     379      356   381   382   1  
     380      348   368   380   1  
     381      323   371   361   1  
     382      377   378   379   1  
     383       37   375   377   1  
     384      373   374   375   1  
     385       39   358   373   1  
     386       58   370   371   1  
     387      366   367   368   1  
     388      354   366   347   1  
     389      353   364   365   1  
     390      352   362   363   1  
     391      351   328   361   1  
     392      350   359   360   1  
     393      346   357   358   1  
     394      343   355   356   1  
     395      340   353   354   1  
     396      339   351   352   1  
     397      336   341   317   1  
     398      335   349   350   1  
     399      331   348   349   1  
     400      330   325   347   1  
     401      291   344   346   1  
     402      334   343   344   1  
     403      333   341   342   1  
     404      338   339   340   1  
     405      337   307   329   1  
     406      320   335   336   1  
     407      315   333   334   1  
     408      327   330   331   1  
     409      314   328   329   1  
     410      312   327   319   1  
     411      311   289   326   1  
     412      324   325   326   1  
     413      321    56   323   1  
     414      310   321   313   1  
     415      296   319   320   1  
     416      316   317   332   1  
     417      372   297   316   1  
     418      301   313   314   1  
     419      292   311   312   1  
     420      651   652   649   1  
     421      305   307   308   1  
     422      304   306   277   1  
     423      303   302   305   1  
     424      299   303   304   1  
     425      300   301   302   1  
     426      647   648   646   1  
     427      644   645   642   1  
     428      295   296   297   1  
     429      403   293   295   1  
     430      290   292   293   1  
     431      287   290   430   1  
     432      288   289   286   1  
     433      284   286   287   1  
     434      280   284   499   1  
     435      637   640   634   1  
     436      275   279   280   1  
     437      274   272   278   1  
     438      269   267   277   1  
     439      630   632   628   1  
     440      273   274   275   1  
     441      271   270   272   1  
     442      268   269   270   1  
     443      266   265   267   1  
     444      626   625   264   1  
     445      621   623   619   1  
     446      615   617   614   1  
     447      188   183   590   1  
     448      146   135   513   1  
     449      142   507   562   1  
     450      159   562   613   1  
     451      137   613   507   1  
     452      159   613   548   1  
     453      138   548   520   1  
     454      137   520   613   1  
     455       81   324   338   1  
     456       85   338   612   1  
     457       73   612   324   1  
     458       85   612   337   1  
     459       75   337   611   1  
     460       73   611   612   1  
     461       73   288   611   1  
     462       75   611   610   1  
     463       71   610   288   1  
     464       75   610   608   1  
     465       70   608   279   1  
     466       71   279   610   1  
     467       69   306   278   1  
     468       70   278   609   1  
     469       80   609   306   1  
     470       70   609   608   1  
     471       75   608   308   1  
     472       80   308   609   1  
     473      103   384   447   1  
     474      114   447   607   1  
     475       91   607   384   1  
     476      114   607   421   1  
     477       99   421   380   1  
     478       91   380   607   1  
     479      104   410   454   1  
     480      124   454   606   1  
     481      103   606   410   1  
     482      124   606   500   1  
     483      122   500   449   1  
     484      103   449   606   1  
     485      638   663    50   1  
     486       48   662   657   1  
     487      655   660   633   1  
     488      657   658   659   1  
     489      656   259   615   1  
     490      618   654   655   1  
     491       94   355   386   1  
     492       96   386   602   1  
     493       87   602   355   1  
     494       96   602   360   1  
     495       88   360   342   1  
     496       87   342   602   1  
     497      111   411   440   1  
     498      116   440   601   1  
     499      105   601   411   1  
     500      116   601   426   1  
     501       61   426   401   1  
     502      105   401   601   1  
     503      168   598   595   1  
     504      185   595   600   1  
     505      184   600   598   1  
     506      187   600   597   1  
     507      187   185   600   1  
     508      582   584   564   1  
     509      582   176   584   1  
     510      168   586   598   1  
     511      184   598   593   1  
     512      166   593   586   1  
     513      187   597   596   1  
     514      172   596   592   1  
     515      184   592   597   1  
     516      183   596   591   1  
     517      183   187   596   1  
     518      176   590   585   1  
     519      181   594   588   1  
     520      181   174   594   1  
     521      185   587   595   1  
     522      185   181   587   1  
     523      165   594   575   1  
     524      164   575   581   1  
     525      174   581   594   1  
     526      184   593   592   1  
     527      172   592   580   1  
     528      166   580   593   1  
     529      183   591   590   1  
     530      171   590   589   1  
     531      172   589   591   1  
     532      172   579   589   1  
     533      171   589   578   1  
     534      161   578   579   1  
     535      181   588   587   1  
     536      168   587   568   1  
     537      165   568   588   1  
     538      166   586   576   1  
     539      155   576   567   1  
     540      168   567   586   1  
     541      176   585   584   1  
     542      536   584   583   1  
     543      171   583   585   1  
     544      171   577   583   1  
     545      536   583   518   1  
     546      495   518   577   1  
     547      170   574   573   1  
     548      170   169   574   1  
     549      581   170   572   1  
     550      581   174   170   1  
     551      172   580   579   1  
     552      161   579   570   1  
     553      166   570   580   1  
     554      171   578   577   1  
     555      495   577   565   1  
     556      161   565   578   1  
     557      155   563   576   1  
     558      166   576   561   1  
     559      159   561   563   1  
     560      164   571   575   1  
     561      165   575   558   1  
     562      158   558   571   1  
     563      169   569   574   1  
     564      157   574   556   1  
     565      151   556   569   1  
     566      170   573   572   1  
     567      164   572   555   1  
     568      157   555   573   1  
     569      158   571   559   1  
     570      148   559   554   1  
     571      164   554   571   1  
     572      166   560   570   1  
     573      161   570   553   1  
     574      150   553   560   1  
     575      551   152   542   1  
     576      551   160   152   1  
     577      169   550   569   1  
     578      169   160   550   1  
     579      168   568   567   1  
     580      155   567   566   1  
     581      165   566   568   1  
     582      165   557   566   1  
     583      155   566   540   1  
     584      149   540   557   1  
     585      161   552   565   1  
     586      495   565   467   1  
     587      424   467   552   1  
     588      155   539   563   1  
     589      159   563   562   1  
     590      142   562   539   1  
     591      166   561   560   1  
     592      150   560   547   1  
     593      159   547   561   1  
     594      148   528   559   1  
     595      158   559   546   1  
     596      143   546   528   1  
     597      165   558   557   1  
     598      149   557   545   1  
     599      158   545   558   1  
     600      151   549   556   1  
     601      157   556   544   1  
     602      140   544   549   1  
     603      164   555   554   1  
     604      148   554   543   1  
     605      157   543   555   1  
     606      161   553   552   1  
     607      424   552   537   1  
     608      150   537   553   1  
     609      160   551   550   1  
     610      151   550   534   1  
     611      145   534   551   1  
     612      140   549   523   1  
     613      141   523   533   1  
     614      151   533   549   1  
     615      159   548   547   1  
     616      150   547   532   1  
     617      138   532   548   1  
     618      158   546   545   1  
     619      149   545   527   1  
     620      143   527   546   1  
     621      157   544   543   1  
     622      148   543   522   1  
     623      140   522   544   1  
     624      133   529   541   1  
     625      128   541   521   1  
     626      148   521   529   1  
     627      152   535   542   1  
     628      145   542   515   1  
     629      136   515   535   1  
     630      128   501   541   1  
     631      133   541   512   1  
     632      122   512   501   1  
     633      155   540   539   1  
     634      142   539   538   1  
     635      149   538   540   1  
     636      149   526   538   1  
     637      142   538   508   1  
     638      132   508   526   1  
     639      150   531   537   1  
     640      424   537   400   1  
     641      369   400   531   1  
     642      535   144   530   1  
     643      535   152   144   1  
     644      151   534   533   1  
     645      141   533   525   1  
     646      145   525   534   1  
     647      150   532   531   1  
     648      369   531   519   1  
     649      138   519   532   1  
     650      136   530   516   1  
     651      129   516   513   1  
     652      144   513   530   1  
     653      148   529   528   1  
     654      143   528   511   1  
     655      133   511   529   1  
     656      149   527   526   1  
     657      132   526   509   1  
     658      143   509   527   1  
     659      145   514   525   1  
     660      141   525   505   1  
     661      130   505   514   1  
     662      117   524   451   1  
     663      119   451   504   1  
     664      141   504   524   1  
     665      141   524   523   1  
     666      140   523   503   1  
     667      117   503   524   1  
     668      148   522   521   1  
     669      128   521   502   1  
     670      140   502   522   1  
     671      137   517   520   1  
     672      138   520   498   1  
     673      134   498   517   1  
     674      369   519   322   1  
     675      309   322   497   1  
     676      138   497   519   1  
     677      137   493   517   1  
     678      134   517   492   1  
     679      131   492   493   1  
     680      129   486   516   1  
     681      136   516   490   1  
     682      125   490   486   1  
     683      145   515   514   1  
     684      130   514   489   1  
     685      136   489   515   1  
     686      513   135   487   1  
     687      122   463   512   1  
     688      133   512   483   1  
     689      121   483   463   1  
     690      143   511   510   1  
     691      127   510   482   1  
     692      133   482   511   1  
     693      143   510   509   1  
     694      132   509   481   1  
     695      127   481   510   1  
     696      142   508   507   1  
     697      137   507   506   1  
     698      132   506   508   1  
     699      137   506   494   1  
     700      126   494   480   1  
     701      132   480   506   1  
     702      141   505   504   1  
     703      119   504   472   1  
     704      130   472   505   1  
     705      140   503   502   1  
     706      128   502   466   1  
     707      117   466   503   1  
     708      128   465   501   1  
     709      122   501   500   1  
     710      124   500   465   1  
     711      488    26    27   1  
     712      488   135    26   1  
     713      138   498   497   1  
     714      309   497   496   1  
     715      134   496   498   1  
     716      309   496    66   1  
     717       65    66   484   1  
     718      134   484   496   1  
     719      137   494   493   1  
     720      131   493   478   1  
     721      126   478   494   1  
     722      134   492   485   1  
     723      123   485   491   1  
     724      131   491   492   1  
     725      123   491   474   1  
     726      112   474   477   1  
     727      131   477   491   1  
     728      136   490   489   1  
     729      130   489   475   1  
     730      125   475   490   1  
     731      135   488   487   1  
     732      129   487   471   1  
     733       28   471   488   1  
     734      125   486   476   1  
     735       30   476   470   1  
     736      129   470   486   1  
     737      134   485   484   1  
     738       65   484   468   1  
     739      123   468   485   1  
     740      133   483   482   1  
     741      127   482   462   1  
     742      121   462   483   1  
     743      132   481   480   1  
     744      126   480   479   1  
     745      127   479   481   1  
     746      127   461   479   1  
     747      126   479   459   1  
     748      120   459   461   1  
     749      131   478   477   1  
     750      112   477   458   1  
     751      126   458   478   1  
     752       30   429   476   1  
     753      125   476   457   1  
     754      109   457   429   1  
     755      130   475   473   1  
     756      118   473   456   1  
     757      125   456   475   1  
     758      112   441   474   1  
     759      123   474   453   1  
     760      116   453   441   1  
     761      130   473   472   1  
     762      119   472   439   1  
     763      118   439   473   1  
     764      129   471   470   1  
     765       30   470    29   1  
     766       28    29   471   1  
     767      123   452   468   1  
     768       65   468    64   1  
     769       63    64   452   1  
     770      128   466   465   1  
     771      124   465   464   1  
     772      117   464   466   1  
     773      117   433   464   1  
     774      124   464   455   1  
     775      108   455   433   1  
     776      122   448   463   1  
     777      121   463   446   1  
     778      114   446   448   1  
     779      127   462   461   1  
     780      120   461   460   1  
     781      121   460   462   1  
     782      121   445   460   1  
     783      120   460   444   1  
     784      113   444   445   1  
     785      126   459   458   1  
     786      112   458   442   1  
     787      120   442   459   1  
     788      125   457   456   1  
     789      118   456   436   1  
     790      109   436   457   1  
     791      124   455   454   1  
     792      104   454   431   1  
     793      108   431   455   1  
     794      123   453   452   1  
     795       63   452   425   1  
     796      116   425   453   1  
     797      117   451   434   1  
     798      115   434   450   1  
     799      119   450   451   1  
     800      119   438   450   1  
     801      115   450   423   1  
     802      110   423   438   1  
     803      122   449   448   1  
     804      114   448   447   1  
     805      103   447   449   1  
     806      121   446   445   1  
     807      113   445   420   1  
     808      114   420   446   1  
     809      120   444   443   1  
     810      106   443   416   1  
     811      113   416   444   1  
     812      120   443   442   1  
     813      112   442   415   1  
     814      106   415   443   1  
     815      116   441   440   1  
     816      111   440   414   1  
     817      112   414   441   1  
     818      119   439   438   1  
     819      110   438   437   1  
     820      118   437   439   1  
     821      118   435   437   1  
     822      110   437   408   1  
     823      101   408   435   1  
     824      118   436   435   1  
     825      101   435   405   1  
     826      109   405   436   1  
     827      117   434   433   1  
     828      108   433   432   1  
     829      115   432   434   1  
     830      115   422   432   1  
     831      108   432   399   1  
     832      107   399   422   1  
     833      104   431   409   1  
     834      102   409   398   1  
     835      108   398   431   1  
     836       30    31   429   1  
     837      109   429   428   1  
     838       32   428    31   1  
     839      109   428   406   1  
     840       34   406    33   1  
     841       32    33   428   1  
     842      116   426   425   1  
     843       63   425    62   1  
     844       61    62   426   1  
     845      115   423   422   1  
     846      107   422   419   1  
     847      110   419   423   1  
     848      114   421   420   1  
     849      113   420   418   1  
     850       99   418   421   1  
     851      110   407   419   1  
     852      107   419   396   1  
     853      100   396   407   1  
     854      113   418   417   1  
     855       98   417   394   1  
     856       99   394   418   1  
     857      113   417   416   1  
     858      106   416   393   1  
     859       98   393   417   1  
     860      112   415   414   1  
     861      111   414   413   1  
     862      106   413   415   1  
     863      111   413   412   1  
     864       97   412   392   1  
     865      106   392   413   1  
     866      111   412   411   1  
     867      105   411   390   1  
     868       97   390   412   1  
     869       59   402   370   1  
     870       92   370   389   1  
     871      105   389   402   1  
     872      104   387   410   1  
     873      103   410   385   1  
     874       96   385   387   1  
     875      104   409   388   1  
     876       94   388   381   1  
     877      102   381   409   1  
     878      110   408   407   1  
     879      100   407   378   1  
     880      101   378   408   1  
     881      109   406   405   1  
     882      101   405   404   1  
     883       34   404   406   1  
     884      101   404   379   1  
     885       36   379    35   1  
     886       34    35   404   1  
     887      105   402   401   1  
     888       61   401    60   1  
     889       59    60   402   1  
     890      108   399   398   1  
     891      102   398   397   1  
     892      107   397   399   1  
     893      107   395   397   1  
     894      102   397   383   1  
     895       95   383   395   1  
     896      107   396   395   1  
     897       95   395   374   1  
     898      100   374   396   1  
     899       99   367   394   1  
     900       98   394   365   1  
     901       93   365   367   1  
     902      106   393   392   1  
     903       97   392   391   1  
     904       98   391   393   1  
     905       98   364   391   1  
     906       97   391   363   1  
     907       89   363   364   1  
     908      105   390   389   1  
     909       92   389   362   1  
     910       97   362   390   1  
     911      104   388   387   1  
     912       96   387   386   1  
     913       94   386   388   1  
     914      103   385   384   1  
     915       91   384   359   1  
     916       96   359   385   1  
     917      102   383   382   1  
     918       90   382   357   1  
     919       95   357   383   1  
     920      102   382   381   1  
     921       94   381   356   1  
     922       90   356   382   1  
     923       99   380   368   1  
     924       86   368   348   1  
     925       91   348   380   1  
     926       92   361   371   1  
     927       57   371   323   1  
     928       83   323   361   1  
     929      101   379   378   1  
     930      100   378   377   1  
     931       36   377   379   1  
     932      100   377   375   1  
     933       38   375    37   1  
     934       36    37   377   1  
     935      100   375   374   1  
     936       95   374   373   1  
     937       38   373   375   1  
     938       95   373   358   1  
     939      285   358    39   1  
     940       38    39   373   1  
     941       92   371   370   1  
     942       59   370    58   1  
     943       57    58   371   1  
     944       99   368   367   1  
     945       93   367   366   1  
     946       86   366   368   1  
     947       86   347   366   1  
     948       93   366   354   1  
     949       81   354   347   1  
     950       98   365   364   1  
     951       89   364   353   1  
     952       93   353   365   1  
     953       97   363   362   1  
     954       92   362   352   1  
     955       89   352   363   1  
     956       83   361   328   1  
     957       85   328   351   1  
     958       92   351   361   1  
     959       96   360   359   1  
     960       91   359   350   1  
     961       88   350   360   1  
     962       95   358   357   1  
     963       90   357   346   1  
     964      285   346   358   1  
     965       94   356   355   1  
     966       87   355   343   1  
     967       90   343   356   1  
     968       93   354   353   1  
     969       89   353   340   1  
     970       81   340   354   1  
     971       92   352   351   1  
     972       85   351   339   1  
     973       89   339   352   1  
     974      318   317   341   1  
     975       88   341   336   1  
     976       77   336   317   1  
     977       91   350   349   1  
     978       84   349   335   1  
     979       88   335   350   1  
     980       91   349   348   1  
     981       86   348   331   1  
     982       84   331   349   1  
     983       81   347   325   1  
     984       82   325   330   1  
     985       86   330   347   1  
     986       90   346   344   1  
     987      294   344   291   1  
     988      285   291   346   1  
     989       90   344   343   1  
     990       87   343   334   1  
     991      294   334   344   1  
     992       88   342   341   1  
     993      318   341   333   1  
     994       87   333   342   1  
     995       89   340   339   1  
     996       85   339   338   1  
     997       81   338   340   1  
     998       79   329   307   1  
     999       75   307   337   1  
    1000       85   337   329   1  
    1001       88   336   335   1  
    1002       84   335   320   1  
    1003       77   320   336   1  
    1004       87   334   333   1  
    1005      318   333   315   1  
    1006      294   315   334   1  
    1007       86   331   330   1  
    1008       82   330   327   1  
    1009       84   327   331   1  
    1010       85   329   328   1  
    1011       83   328   314   1  
    1012       79   314   329   1  
    1013       84   319   327   1  
    1014       82   327   312   1  
    1015       76   312   319   1  
    1016       73   326   289   1  
    1017       74   289   311   1  
    1018       82   311   326   1  
    1019       82   326   325   1  
    1020       81   325   324   1  
    1021       73   324   326   1  
    1022       57   323    56   1  
    1023       55    56   321   1  
    1024       83   321   323   1  
    1025       83   313   321   1  
    1026       55   321   310   1  
    1027      313   649   310   1  
    1028       84   320   319   1  
    1029       76   319   296   1  
    1030       77   296   320   1  
    1031      318   332   317   1  
    1032       77   317   316   1  
    1033      345   316   332   1  
    1034       77   316   297   1  
    1035      376   297   372   1  
    1036      345   372   316   1  
    1037       83   314   313   1  
    1038       72   313   301   1  
    1039       79   301   314   1  
    1040       82   312   311   1  
    1041       74   311   292   1  
    1042       76   292   312   1  
    1043       54   652    53   1  
    1044       52   651   636   1  
    1045      649   641   282   1  
    1046       75   308   307   1  
    1047       79   307   305   1  
    1048       80   305   308   1  
    1049       69   277   306   1  
    1050       80   306   304   1  
    1051       68   304   277   1  
    1052       79   305   302   1  
    1053       78   302   303   1  
    1054       80   303   305   1  
    1055       80   304   303   1  
    1056       78   303   299   1  
    1057       68   299   304   1  
    1058       79   302   301   1  
    1059       72   301   300   1  
    1060       78   300   302   1  
    1061      639   648   283   1  
    1062      635   647   643   1  
    1063      313    72   649   1  
    1064      646   645   298   1  
    1065      643   644   631   1  
    1066      642   629   276   1  
    1067       77   297   296   1  
    1068       76   296   295   1  
    1069      376   295   297   1  
    1070       76   295   293   1  
    1071      427   293   403   1  
    1072      376   403   295   1  
    1073       76   293   292   1  
    1074       74   292   290   1  
    1075      427   290   293   1  
    1076      427   430   290   1  
    1077       74   290   287   1  
    1078      469   287   430   1  
    1079       74   286   289   1  
    1080       73   289   288   1  
    1081       71   288   286   1  
    1082       74   287   286   1  
    1083       71   286   284   1  
    1084      469   284   287   1  
    1085      469   499   284   1  
    1086       71   284   280   1  
    1087       20   280   499   1  
    1088      639   640   641   1  
    1089      636   637   638   1  
    1090      633   634   635   1  
    1091       71   280   279   1  
    1092       70   279   275   1  
    1093       20   275   280   1  
    1094       69   278   272   1  
    1095       40   272   274   1  
    1096       70   274   278   1  
    1097       68   277   267   1  
    1098       42   267   269   1  
    1099       69   269   277   1  
    1100      631   632   622   1  
    1101      620   630   624   1  
    1102      627   628   629   1  
    1103       70   275   274   1  
    1104       40   274   273   1  
    1105       20   273   275   1  
    1106       69   272   270   1  
    1107       41   270   271   1  
    1108       40   271   272   1  
    1109       69   270   269   1  
    1110       42   269   268   1  
    1111       41   268   270   1  
    1112       68   267   265   1  
    1113       43   265   266   1  
    1114       42   266   267   1  
    1115      627   626   264   1  
    1116      625   624   264   1  
    1117       43   263   265   1  
    1118      622   623   616   1  
    1119       46   656   615   1  
    1120      620   619   262   1  
    1121      616   617   618   1  
    1122      646    78   645   1  
    1123      621   614   260   1  
    1124      621    45   614   1  
    1125      281   660   663   1  
    1126       49   663   662   1  
    1127      604   662   660   1  
    1128      604   654   658   1  
    1129      603   658   656   1  
    1130      259   656   654   1  
    1131      310   649   652   1  
    1132       53   652   651   1  
    1133      282   651   649   1  
    1134      300   646   648   1  
    1135      283   648   647   1  
    1136      298   647   646   1  
    1137      299   642   645   1  
    1138      298   645   644   1  
    1139      276   644   642   1  
    1140      283   634   640   1  
    1141      282   640   637   1  
    1142      281   637   634   1  
    1143      276   628   632   1  
    1144      262   632   630   1  
    1145      264   630   628   1  
    1146      626   263   625   1  
    1147      626   265   263   1  
    1148      262   619   623   1  
    1149      260   623   621   1  
    1150      261   621   619   1  
    1151      260   614   617   1  
    1152      259   617   615   1  
    1153      258   615   614   1  
    1154       49    50   663   1  
    1155      281   663   638   1  
    1156       51   638    50   1  
    1157      604   657   662   1  
    1158       49   662    48   1  
    1159       47    48   657   1  
    1160      281   633   660   1  
    1161      604   660   655   1  
    1162       67   655   633   1  
    1163      603   659   658   1  
    1164      604   658   657   1  
    1165       47   657   659   1  
    1166       46   603   656   1  
    1167      604   655   654   1  
    1168      259   654   618   1  
    1169       67   618   655   1  
    1170       54   310   652   1  
    1171       54    55   310   1  
    1172      282   636   651   1  
    1173       53   651    52   1  
    1174       51    52   636   1  
    1175      649    72   641   1  
    1176      639   300   648   1  
    1177      639    72   300   1  
    1178      298   643   647   1  
    1179      283   647   635   1  
    1180       67   635   643   1  
    1181      646   300    78   1  
    1182       78   299   645   1  
    1183      276   631   644   1  
    1184      298   644   643   1  
    1185       67   643   631   1  
    1186      299   629   642   1  
    1187      299    68   629   1  
    1188      282   641   640   1  
    1189      283   640   639   1  
    1190       72   639   641   1  
    1191      281   638   637   1  
    1192      282   637   636   1  
    1193       51   636   638   1  
    1194      283   635   634   1  
    1195      281   634   633   1  
    1196       67   633   635   1  
    1197      262   622   632   1  
    1198      276   632   631   1  
    1199       67   631   622   1  
    1200      264   624   630   1  
    1201      262   630   620   1  
    1202       44   620   624   1  
    1203      276   629   628   1  
    1204      264   628   627   1  
    1205       68   627   629   1  
    1206      627   265   626   1  
    1207      627    68   265   1  
    1208      625    44   624   1  
    1209      625   263    44   1  
    1210      260   616   623   1  
    1211      262   623   622   1  
    1212       67   622   616   1  
    1213      621   261    45   1  
    1214      620   261   619   1  
    1215      620    44   261   1  
    1216      259   618   617   1  
    1217      260   617   616   1  
    1218       67   616   618   1  
    1219      615   258    46   1  
    1220       45   258   614   1  
1
1 30e6 0.3
58
        1  1     0.0    
        1  2     0.0    
        2  1     0.0    
        2  2     0.0    
        3  2     0.0    
        4  2     0.0    
        5  2     0.0    
        6  2     0.0    
        7  2     0.0    
        8  2     0.0    
        9  2     0.0    
       10  1     0.0    
       11  1     0.0    
       12  1     0.0    
       13  1     0.0    
       14  1     0.0    
       15  1     0.0    
       16  1     0.0    
       17  1     0.0    
       18  1     0.0    
       19  1     0.0    
       47  1     0.0    
       48  1     0.0    
       49  1     0.0    
       50  1     0.0    
       51  1     0.0    
       52  1     0.0    
       53  1     0.0    
       54  1     0.0    
       55  1     0.0    
       56  1     0.0    
       57  1     0.0    
       58  1     0.0    
       59  1     0.0    
       60  1     0.0    
       61  1     0.0    
       62  1     0.0    
       63  1     0.0    
       64  1     0.0    
       65  1     0.0    
       66  1     0.0    
      309  1     0.0    
      322  1     0.0    
      369  1     0.0    
      400  1     0.0    
      424  1     0.0    
      467  1     0.0    
      495  1     0.0    
      518  1     0.0    
      536  1     0.0    
      564  1     0.0    
      582  1     0.0    
      599  1     0.0    
      605  1     0.0    
      650  1     0.0    
      653  1     0.0    
      661  1     0.0    
      664  1     0.0   
5
17  15  13  11  9	 
17
    20   273  1e5  1e5
   273    40  1e5  1e5
    40   271  1e5  1e5
   271    41  1e5  1e5
    41   268  1e5  1e5
   268    42  1e5  1e5
    42   266  1e5  1e5
   266    43  1e5  1e5
    43   263  1e5  1e5
   263    44  1e5  1e5
    44   261  1e5  1e5
   261    45  1e5  1e5
    45   258  1e5  1e5
   258    46  1e5  1e5
    46   603  1e5  1e5
   603   659  1e5  1e5
   659    47  1e5  1e5
15
    40   271  1e5  1e5
   271    41  1e5  1e5
    41   268  1e5  1e5
   268    42  1e5  1e5
    42   266  1e5  1e5
   266    43  1e5  1e5
    43   263  1e5  1e5
   263    44  1e5  1e5
    44   261  1e5  1e5
   261    45  1e5  1e5
    45   258  1e5  1e5
   258    46  1e5  1e5
    46   603  1e5  1e5
   603   659  1e5  1e5
   659    47  1e5  1e5
13
    41   268  1e5  1e5
   268    42  1e5  1e5
    42   266  1e5  1e5
   266    43  1e5  1e5
    43   263  1e5  1e5
   263    44  1e5  1e5
    44   261  1e5  1e5
   261    45  1e5  1e5
    45   258  1e5  1e5
   258    46  1e5  1e5
    46   603  1e5  1e5
   603   659  1e5  1e5
   659    47  1e5  1e5
11
    42   266  1e5  1e5
   266    43  1e5  1e5
    43   263  1e5  1e5
   263    44  1e5  1e5
    44   261  1e5  1e5
   261    45  1e5  1e5
    45   258  1e5  1e5
   258    46  1e5  1e5
    46   603  1e5  1e5
   603   659  1e5  1e5
   659    47  1e5  1e5
9
    43   263  1e5  1e5
   263    44  1e5  1e5
    44   261  1e5  1e5
   261    45  1e5  1e5
    45   258  1e5  1e5
   258    46  1e5  1e5
    46   603  1e5  1e5
   603   659  1e5  1e5
   659    47  1e5  1e5
