1 -1.981874 -0.594562 -0.706357
2 0.017246 0.162370 0.035657
3 -1.416580 -0.267777 -0.600950
4 0.064007 0.074338 -0.110223
5 -0.822760 -0.191692 -0.483597
6 0.005662 -0.042447 -0.220379
7 -0.293395 -0.132164 -0.308986
8 -0.058660 -0.308986 -0.293395
9 -0.034577 -0.010373 -0.645897
10 1.999205 0.292731 -0.016735
11 -0.055389 -0.323648 -0.574507
12 1.407962 0.169889 -0.047653
13 -0.063026 -0.271408 -0.480186
14 0.880124 0.014924 -0.149172
15 -0.044723 -0.262530 -0.334175
16 0.396778 -0.936556 -0.396778
